1000 100 01`0 !!! 333 !!! 300 hand on sowrd do what you will  29349902902890 890 298 29 87 8972 87902 8790 879023 89702 87903 890723890 89 029083 890-2 890-34 980-2 890-34 980- 90234op i2p34 


ga 100 82379 8278 9 7892 8972 8970 89702 789078 902 87902 8079 08972 8907980 2
gha
 ha  234879879023 78902 7890 97802 78902 9780 89702 89702 8970 89702 8970 89072 890729 80 902
 ha 
 ha   23 7 7892 78902 9780 78902 89072 9780 97802 89702 8970 89702 97802 89702 9870 98072 89702 89079 802
 ha 
 h a
 h a
 h a  8y289 7829 78902 7890 89072 89702 8970 89702 97802 78902 7890 78902 89702 8970 89702 98702 897098 7029870 9
 h a
 h a  872899 7802 78902 7890 78902 78902 7890 87902 78902 7890 78902 789 2879 89702 8970 89720 897028 9798 72987 98 7298 7
 h a
 h aio2o in ino2oin 3 inop niop2 nipon ipo23n iop inop23i4 o 23 

  2 3
  4 
  234 
  23
   4 2
   34 
   234 
   23 
   4 
   234
    23
     4
      234 
      234
       2 
       39 
       82348h 829398 29834 9829834  2oin34n io 2io34 io oin234 ion io2 34
